0
0.565143824027073
0.27037857189612025
-0.057256010219686404
-0.10559033808651508
0.055041045386094334
0.05936234134057883
-0.14181904661755396
-0.12267006356297272
0.05971054795149633
-0.016933026486004477
0.03094063959913873
-0.038887605443297946
-0.007488470703546191
-0.051396355104257885
-0.050942094791467274
-0.023141476999961275
-0.03148213610500261
0.0017372638458499345
-0.0766175247237566
-0.04314416040484348
-0.009439811023947975
-0.04678058198390056
-0.009924553646904699
-0.03550183326935619
-0.05664513788956038
-0.03951333960054104
-0.03004066629863711
-0.028242845344276568
-0.05882407739692985
0.03774514279416952
-0.039432717455640476
-0.002111585261678317
-0.049171378396388854
-0.07357705688268945
-0.0020574683462120102
-0.02705957644976198
-0.007371325463144118
-0.04937803659450757
-0.057016538075003065
0.011606382442557184
-0.036238143435485703
-0.034331813553765134
-0.0759613541575902
-0.014572943371589209
-0.022637113577053447
-0.06853706200407728
-0.045691671995894634
-0.003837283817844428
0.05818480624162903
-0.0837606122107184
-0.02555350105893006
-0.0443709905045897
-0.02000775683903
0.003358176691969472
-0.07541883754963874
-0.05570810468077858
0.012051332003972126
-0.037788424755004324
0.11552063713716976
-0.10587294209550369
-0.04901996462646718
-0.03240238868238732
-0.039273765104977265
0.053280331087029786
0.0004827559252378322
-0.06910222868519555
-0.04648299681042911
0.008200940068161522
-0.0757760850853344
-0.03840841955509933
-0.02915603008187384
-0.008770379461920053
-0.06398660727226868
-0.00020575762763008765
0.02381726905232151
-0.02443872436263983
-0.11695319507783597
-0.039668186226629265
0.028707882149439312
-0.06620405522825201
-0.013943686197695704
-0.00809344370623133
-0.06394613631228108
0.002606764711609477
-0.08817722522312366
-0.012570815771741017
0.0483306637557277
-0.0575348584188069
0.003488312033131269
-0.045667749725467055
-0.07835760394921443
0.01683538681564367
-0.040575907944582545
-0.015099754422489009
-0.019534057849387554
-0.022487471521321245
-0.00032025601531993075
-0.11268951040549435
0.021027856918933052
