0.995 3.0907 3.9928 3.9952 7.996 16.9966 
0.990025 3.0814279 4.13 3.9904057600000002 7.992002000000001 16.99320068 
0.985074875 3.0721836163 4.37 3.985617273088 7.988005999000001 16.989802039864003 
0.9801495006250001 3.0629670654510996 4.41 3.9808345323602947 7.984011996000501 16.98640407945603 
0.9752487531218751 3.053778164254746 4.360542303622863 3.9760575309214623 9.975024987503128 16.98300679864014 
0.9703725093562657 3.044616829761982 4.352693327476342 3.9712862618843565 7.9760299800075005 16.97961019728041 
0.9655206468094844 3.035482979272696 4.344858479486885 3.9665207183700955 9.965052456271874 16.976214275240956 
0.960693043575437 3.0263765303348777 4.3370377342238084 3.9617608935080515 7.946025000000001 16.972819032385907 
0.9558895783575597 3.0172974007438733 4.3292310663022056 3.957006780435842 7.942051987500001 16.96942446857943 
0.9511101304657719 3.0082455085416417 4.321438450382861 3.952258372299319 7.938080961506252 16.966030583685715 
0.946354579813443 2.9992207720160167 4.313659861172172 3.94751566225256 7.934111921025499 16.962637377568978 
0.9416228069143757 2.9902231096999685 4.305895273422062 3.942778643457857 7.930144865064987 16.959244850093466 
0.9369146928798039 2.9812524403708687 4.298144661929903 3.9380473090857073 7.926179792632455 16.955853001123447 
0.9322301194154049 2.9723086830497563 4.290408001538428 3.9333216523148047 7.922216702736139 16.952461830523223 
0.9275689688183278 2.963391757000607 4.282685267135659 3.928601666332027 7.918255594384772 16.94907133815712 
0.9229311239742362 2.9545015817296054 4.274976433654815 3.9238873443324285 7.91429646658758 16.945681523889487 
0.918316468354365 2.9456380769844164 4.267281476074236 3.91917867951923 7.88 16.94229238758471 
0.9137248860125932 2.936801162753463 4.259600369417302 3.9144756651038066 7.876060000000001 16.938903929107195 
0.9091562615825302 2.9279907592652026 4.2519330887523505 3.9097782943056822 7.872121970000001 16.935516148321373 
0.9046104802746175 2.9192067869874068 4.2442796091925965 3.9050865603525153 7.8681859090150015 16.93212904509171 
0.9000874278732445 2.9104491666264445 4.23663990589605 3.9004004564800923 7.864251816060494 16.92874261928269 
0.8955869907338783 2.9017178191265653 4.229013954065437 3.8957199759323164 7.860319690152465 16.925356870758833 
0.8911090557802088 2.8930126656691857 4.221401728948119 3.8910451119611977 7.856389530307389 16.921971799384682 
0.8866535105013078 2.884333627672178 4.213803205836013 3.8863758578268444 7.852461335542236 16.918587405024805 
0.8822202429488013 2.8756806267891615 4.206218360065508 3.8817122067974523 7.848535104874465 16.9152036875438 
0.8778091417340573 2.867053584908794 4.1986471670173895 3.8770541521492956 7.844610837322028 16.911820646806294 
0.8734200960253871 2.8584524241540676 4.191089602116758 3.8724016871667164 7.840688531903368 16.908438282676933 
0.8690529955452602 2.8498770668816054 4.183545640832948 3.8677548051421162 7.836768187637416 16.905056595020397 
0.8647077305675338 2.8413274356809604 4.176015258679449 3.8631134993759457 7.832849803543597 16.901675583701394 
0.8603841919146962 2.8328034533739173 4.168498431213826 3.858477763176695 7.8 16.898295248584652 
0.8560822709551227 2.8243050430137955 4.160995134037641 3.853847589860883 7.7961 16.894915589534936 
0.851801859600347 2.8158321278847542 4.1535053427963735 3.84922297275305 7.792201950000001 16.89153660641703 
0.8475428503023453 2.8073846315011 4.14602903317934 3.844603905185746 7.76 16.888158299095746 
0.8433051360508336 2.798962477606597 4.138566180919617 3.8399903804995232 7.75 16.884780667435926 
0.8390886103705794 2.790565590173777 4.131116761793962 3.835382392042924 7.746125 16.88140371130244 
0.8348931673187264 2.7821938934032557 4.123680751622732 3.8307799331724723 7.742251937500001 16.87802743056018 
0.8307187014821328 3.579157821578125 4.116258126269812 3.8261829972526655 7.738380811531251 16.874651825074068 
0.8265651079747222 3.5684203481133907 4.108848861642526 3.8215915776559624 7.7345116211254865 16.87127689470905 
0.8224322824348486 3.5577150870690506 4.1014529336915695 3.8170056677627753 7.730644365314924 16.86790263933011 
0.8183201210226743 3.5470419418078434 4.094070318410925 3.81242526096146 7.7 16.864529058802244 
0.8142285204175609 3.53640081598242 4.086700991837785 3.8078503506483066 7.69615 16.861156152990485 
0.810157377815473 3.5257916135344725 4.079344930052477 3.8032809302275288 7.67 16.85778392175989 
0.8061065909263957 3.515214238693869 4.072002109178382 3.7987169931112557 7.666165 16.854412364975538 
0.8020760579717637 3.5046685959777872 4.064672505381861 3.794158532719522 7.6623319175 16.85104148250254 
0.798065677681905 3.494154590189854 4.057356094872174 3.789605542480259 7.658500751541251 16.847671274206043 
0.7940753492934954 3.4836721264192843 4.050052853901404 3.7850580158292826 7.65467150116548 16.844301739951202 
0.7901049725470279 3.4732211100400265 4.042762758764381 3.7805159462102877 7.650844165414898 16.840932879603212 
0.7861544476842928 3.4628014467099066 4.035485785798605 3.7759793270748356 7.647018743332191 16.837564693027293 
0.7822236754458713 3.452413042369777 4.0282219113841675 3.7714481518823457 7.643195233960525 16.834197180088687 
0.778312557068642 3.442055803242668 4.020971111943676 3.7669224141000868 7.639373636343545 16.830830340652668 
0.7744209942832988 3.43172963583294 4.013733363942177 3.7624021072031666 7.635553949525374 16.827464174584538 
0.7705488893118823 3.421434446925441 4.006508643887081 3.7578872246745227 7.631736172550611 16.82409868174962 
0.7666961448653229 3.411170143584665 3.999296928328084 3.753377760004913 7.627920304464336 16.82073386201327 
0.7628626641409962 3.400936633153911 3.9920981938570934 3.7488737066929074 7.6 16.81736971524087 
0.7590483508202912 3.390733823254449 3.9849124171081507 3.744375058244876 7.5962000000000005 16.81400624129782 
0.7552531090661897 3.3805616217846857 3.977739574757356 3.739881808174982 7.592401900000001 16.810643440049564 
0.7514768435208588 3.3704199369193315 3.9705796435227927 3.735393950005172 7.588605699050002 16.807281311361553 
0.7477194593032545 3.3603086771085735 3.9634326001644515 3.730911477265166 7.584811396200478 16.80391985509928 
0.7439808620067382 3.350227751077248 3.9562984214841554 3.726434383492448 7.581018990502378 16.800559071128262 
0.7402609576967045 3.340177067824016 3.949177084325484 3.721962662232257 7.577228481007127 16.797198959314038 
0.736559652908221 3.3301565366205437 3.942068565573698 3.7174963070375786 7.573439866766624 16.793839519522177 
0.7328768546436799 3.320166067010682 3.9349728421556653 3.7130353114691337 7.569653146833241 16.790480751618272 
0.7292124703704616 3.31020556880965 3.927889891039785 3.708579669095371 7.565868320259825 16.78712265546795 
0.7255664080186093 3.300274952103221 3.9208196892359135 3.7041293734924565 7.562085386099695 16.783765230936858 
0.7219385759785162 3.2903741272469116 3.9137622137952888 3.699684418244266 7.558304343406646 16.78040847789067 
0.7183288830986236 3.280503004865171 3.906717441810457 3.6952447969423727 7.55 16.777052396195092 
0.7147372386831305 3.2706614958505753 3.899685350415198 3.690810503186042 7.546225000000001 16.773696985715855 
0.7111635524897149 3.2608495113630234 3.8926659167844506 3.686381530582219 7.542451887500001 16.770342246318712 
0.7076077347272662 3.251066962828934 3.8856591181342384 3.6819578727455204 7.538680661556252 16.76698817786945 
0.7040696960536299 3.2413137619404475 3.8786649317215964 3.677539523298226 7.534911321225474 16.763634780233875 
0.7005493475733617 3.231589820654626 3.8716833348444974 3.673126475870268 7.531143865564862 16.76028205327783 
0.697046600835495 3.221895051192662 3.8647143048417774 3.668718724099224 7.52737829363208 16.756929996867175 
0.6935613678313175 3.212229366039084 3.857757819093062 3.664316261630305 7.523614604485265 16.7535786108678 
0.6900935609921609 3.202592677940967 3.8508138550186946 3.6599190821163488 7.519852797183023 16.750227895145628 
0.6866430931872001 3.192984899907144 3.843882390079661 3.6555271792178092 7.516092870784432 16.746877849566598 
0.6832098777212641 3.1834059452074226 3.8369634017775174 3.651140546602748 7.49 16.743528473996687 
0.6797938283326578 3.1738557273718 3.8300568676543176 3.6467591779468247 7.46 16.74017976830189 
0.6763948591909945 3.164334160189685 3.82316276529254 3.6423830669332884 7.45627 16.73683173234823 
0.6730128848950395 3.1548411577091158 3.816281072315013 3.6380122072529684 7.452541865000001 16.73348436600176 
0.6696478204705644 3.1453766342359883 3.809411766384846 3.633646592604265 7.448815594067501 16.73013766912856 
0.6662995813682115 3.13594050433328 3.802554825205353 3.62928621669314 7.445091186270467 16.726791641594733 
0.6629680834613705 3.1265326828202804 3.7957102265199834 3.624931073233108 7.42 16.723446283266416 
0.6596532430440636 3.1171530847718194 3.788877948112247 3.6205811559452283 7.41629 16.720101594009762 
0.6563549768288433 3.107801625517504 3.782057967805645 3.616236458558094 7.412581855000001 16.71675757369096 
0.653073201944699 3.0984782206409514 3.7752502634635947 3.6118969748078245 7.408875564072502 16.713414222176223 
0.6498078359349755 3.0891827859790286 3.76845481298936 3.607562698438055 7.405171126290466 16.71007153933179 
0.6465587967553006 3.0799152376210914 3.7616715943259793 3.6032336231999293 7.401468540727321 16.706729525023924 
0.6433260027715241 3.070675491908228 3.7549005854561925 3.5989097428520895 7.397767806456958 16.70338817911892 
0.6401093727576664 3.0614634654325035 3.748141764402371 3.594591051160667 7.39406892255373 16.7000475014831 
0.6369088258938781 3.052279075036206 3.741395109226447 3.5902775418992743 7.36 16.696707491982803 
0.6337242817644086 3.0431222378110974 3.7346605980298393 3.5859692088489954 7.356320000000001 16.693368150484407 
0.6305556603555866 3.0339928710976642 3.7279382089533857 3.581666045798377 7.352641840000001 16.69002947685431 
0.6274028820538087 3.0248908924843714 3.7212279201772693 3.577368046543419 7.348965519080002 16.68669147095894 
0.6242658676435396 3.015816219806918 4.221056488546529 3.5730752048875667 7.345291036320463 16.68335413266475 
0.6211445383053219 3.006768771147497 3.7078435564430925 3.5687875146417016 7.341618390802303 16.68001746183822 
0.6180388156137953 2.9977484648340544 4.2058743614107845 3.5645049696241315 7.337947581606902 16.67668145834585 
0.6149486215357263 2.988755219439552 3.69450733305302 3.5602275636605825 7.31 16.67334612205418 
0.6118738784280476 2.9797889537812337 4.190746840742636 3.55595529058419 7.3 16.67001145282977 
0.6088145090359074 2.97084958691989 3.681219076857788 3.5516881442354893 7.29635 16.666677450539204 
0.6057704364907278 2.9619370381591303 4.175673730135727 3.5474261184624067 7.292701825000001 16.663344115049096 
