2.5 7.9 11 9 23 38 
3.91 12.35 17.21 14.08 35.99 59.47 
3.16 10.01 14.14 11.42 29.21 48.27 
2.34 7.42 10.72 8.47 21.67 35.81 
2.22 7.03 10.17 8.03 20.55 33.98 
2.61 8.29 11.99 9.47 24.24 40.07 
2.62 8.31 12.03 9.5 24.33 40.23 
2.12 6.72 9.74 7.69 19.7 32.59 
2.16 6.87 9.95 7.86 20.13 33.31 
2.6 8.28 12.01 9.49 24.31 40.24 
2.41 7.68 11.13 8.8 22.55 37.32 
2.52 8.04 11.66 9.22 23.64 39.14 
2.35 7.49 10.87 8.6 22.04 36.48 
2.42 7.72 11.21 8.87 22.75 37.67 
2.31 7.37 10.71 8.47 21.74 36 
2.3 7.37 10.71 8.47 21.75 36.02 
2.37 7.58 11.01 8.72 22.38 37.07 
2.34 7.5 10.91 8.64 22.16 36.75 
2.42 7.75 11.28 8.93 22.92 38 
2.22 7.14 10.39 8.23 21.12 35.03 
2.3 7.39 10.76 8.52 21.88 36.3 
2.38 7.64 11.13 8.82 22.65 37.57 
2.28 7.34 10.7 8.48 21.79 36.15 
2.37 7.62 11.11 8.8 22.63 37.55 
2.3 7.41 10.82 8.57 22.04 36.57 
2.25 7.24 10.57 8.38 21.55 35.77 
2.28 7.36 10.76 8.53 21.94 36.41 
2.3 7.43 10.85 8.61 22.15 36.77 
2.3 7.43 10.87 8.62 22.19 36.83 
2.23 7.19 10.52 8.34 21.49 35.67 
2.45 7.92 11.59 9.19 23.66 39.33 
2.26 7.32 10.72 8.5 21.9 36.4 
2.35 7.6 11.13 8.83 22.74 37.81 
2.23 7.23 10.6 8.41 21.64 36.03 
2.17 7.04 10.32 8.19 21.08 35.1 
2.33 7.57 11.11 8.82 22.7 37.8 
2.27 7.38 10.82 8.59 22.13 36.85 
2.31 7.52 11.03 8.76 22.57 37.6 
2.21 7.19 10.56 8.39 21.61 36 
2.19 7.13 10.47 8.31 21.43 35.71 
2.35 7.63 11.22 8.91 22.96 38.3 
2.23 7.26 10.68 8.49 21.87 36.49 
2.23 7.27 10.7 8.5 21.89 36.56 
2.13 6.94 10.23 8.13 20.94 34.98 
2.27 7.4 10.9 8.67 22.33 37.3 
2.25 7.32 10.81 8.59 22.15 36.99 
2.14 6.97 10.29 8.18 21.1 35.25 
2.19 7.13 10.54 8.38 21.62 36.11 
2.28 7.43 10.99 8.74 22.56 37.69 
2.42 7.89 11.67 9.28 23.96 40.04 
2.09 6.82 10.1 8.03 20.74 34.66 
2.22 7.24 10.73 8.54 22.06 36.86 
2.17 7.09 10.52 8.37 21.63 36.15 
2.22 7.26 10.78 8.58 22.18 37.06 
2.27 7.43 11.03 8.78 22.68 37.94 
2.09 6.83 10.16 8.08 20.89 34.96 
2.13 6.97 10.37 8.25 21.33 35.7 
2.28 7.46 11.1 8.84 22.86 38.26 
2.16 7.08 10.55 8.4 21.73 36.38 
2.5 8.2 12.22 9.73 25.19 42.17 
2 6.56 9.79 7.8 20.19 33.8 
2.13 6.97 10.41 8.29 21.47 35.94 
2.16 7.08 10.58 8.43 21.84 36.57 
2.14 7.02 10.5 8.37 21.68 36.3 
2.34 7.69 11.5 9.17 23.76 39.8 
2.22 7.29 10.92 8.7 22.57 37.8 
2.07 6.78 10.15 8.09 20.99 35.17 
2.11 6.93 10.39 8.29 21.5 36.02 
2.23 7.32 10.98 8.76 22.73 38.08 
2.04 6.7 10.06 8.02 20.83 34.91 
2.12 6.96 10.46 8.34 21.67 36.31 
2.14 7.02 10.55 8.42 21.87 36.66 
2.18 7.16 10.77 8.59 22.33 37.43 
2.05 6.75 10.16 8.11 21.08 35.34 
2.19 7.2 10.85 8.66 22.52 37.74 
2.24 7.36 11.1 8.86 23.05 38.65 
2.13 7.01 10.57 8.44 21.94 36.82 
1.92 6.33 9.56 7.64 19.83 33.33 
2.09 6.88 10.39 8.3 21.57 36.24 
2.24 7.36 11.13 8.89 23.1 38.82 
2.03 6.67 10.09 8.06 20.96 35.23 
2.14 7.04 10.65 8.51 22.13 37.2 
2.15 7.07 10.71 8.56 22.24 37.42 
2.02 6.66 10.1 8.07 20.98 35.31 
2.16 7.13 10.81 8.64 22.47 37.82 
1.96 6.47 9.83 7.85 20.43 34.39 
2.12 7 10.63 8.5 22.12 37.24 
2.25 7.42 11.28 9.02 23.48 39.53 
2.02 6.66 10.14 8.1 21.11 35.53 
2.15 7.09 10.79 8.62 22.47 37.83 
2.04 6.73 10.25 8.2 21.34 35.98 
1.97 6.49 9.89 7.91 20.6 34.74 
2.17 7.15 10.91 8.73 22.73 38.32 
2.04 6.74 10.29 8.23 21.44 36.16 
2.09 6.91 10.55 8.44 22.01 37.11 
2.08 6.87 10.5 8.4 21.91 36.94 
2.07 6.84 10.46 8.37 21.84 36.83 
2.11 6.99 10.69 8.56 22.3 37.66 
1.87 6.19 9.48 7.59 19.79 33.42 
2.15 7.12 10.91 8.73 22.77 38.46 
