0 0 0 32 77.5 8 0 
63.84 0 0 53.99 130.03 32 0 
150.57 0 0 84.68 188.55 67.91 0 
198.64 0 0 110.42 256.09 135.74 0 
198.64 0 0 136.88 374.98 167.58 0 
198.64 0 0 163.34 503.57 183.5 0 
198.64 0 9.97 190.5 657.87 207.32 0 
198.64 0 9.97 215.72 798.97 250.99 0 
198.64 0 9.97 233 894.78 318.31 0 
198.64 0 9.97 257.96 1027.88 346.03 0 
198.64 0 9.97 279.81 1150.79 377.63 0 
198.64 0 9.97 302.61 1278.82 417.13 0 
198.64 0 9.97 331.75 1390.69 460.47 0 
198.64 0 9.97 356.19 1504.87 515.63 0 
198.64 0 9.97 381.3 1648.42 535.28 0 
198.64 0 9.97 401.76 1764.26 586.37 0 
206.55 0 9.97 422.92 1871.55 637.33 0 
206.55 0 9.97 445.92 2000.5 664.77 0 
206.55 0 9.97 469.58 2132.74 703.87 0 
206.55 0 9.97 493.24 2265.49 735.15 0 
206.55 0 9.97 515.74 2379.01 782.07 0 
206.55 0 9.97 540.94 2496.32 828.87 0 
206.55 0 9.97 558.04 2632.03 856.17 0 
206.55 0 9.97 587.41 2755.79 887.29 0 
206.55 0 9.97 607.88 2882.3 930.08 0 
206.55 0 9.97 635.16 2998.84 972.76 0 
206.55 0 9.97 654.52 3131.42 1003.8 0 
206.55 0 9.97 672.79 3264.24 1034.76 0 
206.55 0 9.97 694.54 3392.3 1073.46 0 
214.38 0 9.97 716.9 3498.08 1108.2 0 
214.38 0 9.97 734.96 3629.74 1142.94 0 
214.38 0 9.97 757.32 3749.88 1177.59 0 
222.17 0 9.97 783.67 3858.74 1219.94 0 
237.69 0 9.97 804.07 3963.27 1269.86 0 
237.69 0 9.97 829.27 4086.85 1296.74 0 
237.69 0 9.97 842.71 4222.57 1327.46 0 
237.69 75.39 9.97 863.46 4288.49 1358.1 0 
237.69 146.99 9.97 880.89 4358.53 1400.23 0 
237.69 221.96 9.97 904.96 4436.62 1423.15 0 
245.42 271.8 9.97 926.28 4494.02 1472.81 0 
245.42 335.7 9.97 951.7 4571.73 1499.48 0 
253.12 406.5 9.97 971.95 4637.17 1529.96 0 
253.12 484.16 9.97 992.2 4706.53 1567.96 0 
253.12 558.08 9.97 1010.02 4783.86 1590.76 0 
253.12 628.08 9.97 1033.22 4848.82 1624.87 0 
253.12 687.41 9.97 1054.02 4913.78 1681.72 0 
253.12 774.41 9.97 1077.72 4978.58 1704.46 0 
253.12 826.46 9.97 1099.05 5059.38 1734.7 0 
253.12 895.66 9.97 1115.64 5111.9 1776.28 0 
253.12 968.11 9.97 1138.26 5200.56 1795.13 0 
253.12 1047.23 9.97 1159.32 5260.86 1829.06 0 
253.12 1102.11 9.97 1179.34 5337.05 1870.42 0 
253.12 1167.09 9.97 1198.59 5405.22 1908.02 0 
260.75 1238.7 9.97 1219.38 5457.22 1941.77 0 
260.75 1276.1 9.97 1239.14 5552.98 1983.02 0 
260.75 1357.46 9.97 1260.42 5608.7 2024.16 0 
260.75 1445.34 9.97 1278.66 5660.44 2054.08 0 
260.75 1479.04 9.97 1303.41 5739.84 2102.7 0 
260.75 1549.6 9.97 1325.16 5795.28 2121.35 0 
260.75 1603.2 9.97 1343.66 5890.32 2162.38 0 
260.75 1690.04 9.97 1362.9 5945.62 2199.58 0 
260.75 1749.98 9.97 1379.18 6008.66 2251.66 0 
260.75 1823.02 9.97 1400.35 6075.47 2281.34 0 
260.75 1912.39 9.97 1414.95 6134.42 2296.18 0 
260.75 1968.49 9.97 1436.85 6216.74 2314.68 0 
275.87 2044.16 9.97 1452.69 6263.66 2359.08 0 
275.87 2106.48 9.97 1471.41 6330.13 2403.48 0 
275.87 2162.07 9.97 1491.29 6400.33 2436.69 0 
275.87 2246.83 9.97 1508.33 6458.68 2477.28 0 
275.87 2308.58 9.97 1528.92 6540.37 2499.36 0 
275.87 2376.62 9.97 1547.12 6598.57 2543.52 0 
275.87 2450.91 9.97 1565.32 6660.49 2572.88 0 
275.87 2512.09 9.97 1582.12 6722.25 2627.93 0 
275.87 2569.87 9.97 1601.44 6791.73 2660.87 0 
275.87 2649.87 9.97 1620.07 6845.63 2686.49 0 
283.39 2704.1 9.97 1637.32 6918.59 2715.77 0 
290.88 2780.42 9.97 1654.32 6987.71 2748.62 0 
290.88 2856.5 9.97 1675.4 7041.33 2788.77 0 
290.88 2910.22 9.97 1686.96 7113.91 2825.17 0 
290.88 2976.37 9.97 1708.4 7175.03 2868.85 0 
290.88 3045.67 9.97 1723.81 7243.61 2897.89 0 
298.33 3111.61 9.97 1741.23 7296.81 2934.19 0 
298.33 3180.47 9.97 1758.39 7380.41 2952.29 0 
298.33 3261.59 9.97 1774.23 7429.68 2988.49 0 
298.33 3317.57 9.97 1791.39 7497.72 3042.79 0 
298.33 3401.27 9.97 1809.59 7550.64 3071.67 0 
298.33 3466.16 9.97 1824.54 7599.65 3114.99 0 
298.33 3533.92 9.97 1838.84 7671.09 3150.99 0 
298.33 3610.67 9.97 1858.04 7727.34 3176.19 0 
305.72 3665.75 9.97 1876.6 7798.59 3204.91 0 
305.72 3723.7 9.97 1895.16 7880.87 3233.63 0 
305.72 3784.5 9.97 1912.8 7940.55 3269.53 0 
305.72 3839.04 9.97 1926.66 8015.15 3308.91 0 
305.72 3958.65 9.97 1945.56 8015.15 3359.03 0 
305.72 4006.97 9.97 1960.44 8089.35 3398.3 0 
305.72 4144.15 9.97 1977.8 8089.35 3430.43 0 
313.06 4201.15 9.97 1994.54 8152.25 3458.91 0 
327.68 4353.92 9.97 2011.62 8152.25 3476.71 0 
327.68 4437.36 9.97 2024.43 8192.84 3519.43 0 
327.68 4552.97 9.97 2042.12 8192.84 3569.13 0 
