32 25 0 2 0 0 
22 17 16 6 0 0 
31 19 21 9 0 0 
26 22 11 17 0 0 
27 26 9 8 0 0 
27 15 19 4 0 0 
28 25 18 6 1 0 
26 25 15 11 0 0 
18 13 13 17 0 0 
26 24 14 7 0 0 
23 15 18 8 0 0 
24 24 13 10 0 0 
31 23 10 11 0 0 
26 21 12 14 0 0 
27 18 21 5 0 0 
22 16 16 13 0 0 
23 19 12 13 1 0 
25 22 15 7 0 0 
26 16 20 10 0 0 
26 25 14 8 0 0 
25 20 13 12 0 0 
28 17 16 12 0 0 
19 22 17 7 0 0 
33 18 17 8 0 0 
23 22 15 11 0 0 
31 20 14 11 0 0 
22 14 22 8 0 0 
21 23 16 8 0 0 
25 20 17 10 0 0 
26 24 9 9 1 0 
21 20 18 9 0 0 
26 19 16 9 0 0 
31 18 14 11 1 0 
24 18 13 13 2 0 
30 19 17 7 0 0 
16 22 18 8 0 0 
25 21 16 8 0 0 
21 20 17 11 0 0 
29 21 19 6 0 0 
26 14 14 13 1 0 
31 18 19 7 0 0 
25 20 16 8 1 0 
25 22 17 10 0 0 
22 21 19 6 0 0 
29 20 16 9 0 0 
26 17 16 15 0 0 
30 25 16 6 0 0 
27 15 20 8 0 0 
21 20 13 11 0 0 
29 21 22 5 0 0 
27 23 15 9 0 0 
26 16 19 11 0 0 
25 19 17 10 0 0 
27 21 13 9 1 0 
26 11 24 11 0 0 
28 24 14 11 0 0 
24 26 13 8 0 0 
33 10 20 13 0 0 
29 21 14 5 0 0 
25 16 24 11 0 0 
26 26 14 10 0 0 
22 18 16 14 0 0 
29 22 17 8 0 0 
20 27 15 4 0 0 
30 17 21 5 0 0 
22 23 12 12 2 0 
26 19 17 12 0 0 
28 17 18 9 0 0 
24 26 15 11 0 0 
29 19 21 6 0 0 
26 21 15 12 0 0 
26 23 16 8 0 0 
24 19 16 15 0 0 
28 18 18 9 0 0 
27 25 14 7 0 0 
25 17 19 8 1 0 
25 24 18 9 1 0 
31 24 14 11 0 0 
17 17 19 10 0 0 
32 21 16 12 0 0 
23 22 18 8 0 0 
26 21 14 10 1 0 
26 22 22 5 0 0 
24 26 13 10 0 0 
26 18 18 15 0 0 
28 27 14 8 0 0 
23 21 13 12 0 0 
22 22 19 10 0 0 
30 25 15 7 0 0 
29 18 19 8 1 0 
29 19 22 8 0 0 
28 20 16 10 0 0 
22 18 20 11 0 0 
30 27 9 14 0 0 
24 16 20 11 0 0 
28 19 19 9 0 0 
27 19 17 8 1 0 
28 23 20 5 2 0 
21 28 11 12 0 0 
29 15 17 14 0 0 
